#define BLOCK_KIND 7
#define BLOCK_ROTANTE 4
#define BLOCK_SIZE 4

int blocks[BLOCK_KIND][BLOCK_ROTANTE][BLOCK_SIZE][BLOCK_SIZE] = {

		// 1x4, 4x1 블록
		0, 0, 0, 0,
		2, 2, 2, 2,
		0, 0, 0, 0,
		0, 0, 0, 0,

		0, 0, 2, 0,
		0, 0, 2, 0,
		0, 0, 2, 0,
		0, 0, 2, 0,

		0, 0, 0, 0,
		2, 2, 2, 2,
		0, 0, 0, 0,
		0, 0, 0, 0,

		0, 0, 2, 0,
		0, 0, 2, 0,
		0, 0, 2, 0,
		0, 0, 2, 0,

		// ㄱ자형 1
		0, 0, 0, 0,
		0, 2, 2, 0,
		0, 0, 2, 2, 
		0, 0, 0, 0,

		0, 0, 2, 0,
		0, 2, 2, 0,
		0, 2, 0, 0, 
		0, 0, 0, 0,

		0, 0, 0, 0,
		0, 2, 2, 0,
		0, 0, 2, 2,
		0, 0, 0, 0,

		0, 0, 2, 0,
		0, 2, 2, 0,
		0, 2, 0, 0,
		0, 0, 0, 0,

		// ㄱ자형 2
		0, 0, 0, 0,
		0, 2, 2, 0,
		2, 2, 0, 0,
		0, 0, 0, 0,

		0, 2, 0, 0,
		0, 2, 2, 0,
		0, 0, 2, 0,
		0, 0, 0, 0,

		0, 0, 0, 0,
		0, 2, 2, 0,
		2, 2, 0, 0,
		0, 0, 0, 0,

		0, 2, 0, 0,
		0, 2, 2, 0,
		0, 0, 2, 0,
		0, 0, 0, 0,

		//ㅗ형
		0, 0, 0, 0,
		0, 0, 2, 0,
		0, 2, 2, 2, 
		0, 0, 0, 0,

		0, 0, 0, 2,
		0, 0, 2, 2,
		0, 0, 0, 2, 
		0, 0, 0, 0, 

		0, 2, 2, 2, 
		0, 0, 2, 0,
		0, 0, 0, 0, 
		0, 0, 0, 0, 

		0, 2, 0, 0, 
		0, 2, 2, 0,
		0, 2, 0, 0,
		0, 0, 0, 0,

		//ㅁ형

		0, 0, 0, 0,
		0, 2, 2, 0,
		0, 2, 2, 0,
		0, 0, 0, 0,

		0, 0, 0, 0,
		0, 2, 2, 0,
		0, 2, 2, 0,
		0, 0, 0, 0,
		
		0, 0, 0, 0,
		0, 2, 2, 0,
		0, 2, 2, 0,
		0, 0, 0, 0,

		0, 0, 0, 0,
		0, 2, 2, 0,
		0, 2, 2, 0,
		0, 0, 0, 0,

		//기다란 ㄱ자형1
		0, 2, 2, 2,
		0, 0, 0, 2,
		0, 0, 0, 0,
		0, 0, 0, 0,

		0, 0, 0, 2,
		0, 0, 0, 2,
		0, 0, 2, 2,
		0, 0, 0, 0,

		0, 0, 0, 0,
		0, 2, 0, 0,
		0, 2, 2, 2,
		0, 0, 0, 0,


		0, 2, 2, 0,
		0, 2, 0, 0,
		0, 2, 0, 0,
		0, 0, 0, 0,

		//기다란 ㄱ자형 2
		2, 2, 2, 0,
		2, 0, 0, 0,
		0, 0, 0, 0,
		0, 0, 0, 0,

		0, 2, 2, 0,
		0, 0, 2, 0,
		0, 0, 2, 0,
		0, 0, 0, 0,

		0, 0, 0, 0,
		0, 0, 2, 0,
		2, 2, 2, 0,
		0, 0, 0, 0,

		2, 0, 0, 0, 
		2, 0, 0, 0, 
		2, 2, 0, 0, 
		0, 0, 0, 0
	};
